Nov. 30, 2018	1475.00
Oct. 31, 2018	1481.00
Sept. 30, 2018	1468.00
Aug. 31, 2018	1462.00
July 31, 2018	1450.00
June 30, 2018	1468.00
May 31, 2018	1446.00
April 30, 2018	1446.00
March 31, 2018	1435.00
Feb. 28, 2018	1432.00
Jan. 31, 2018	1410.00
Dec. 31, 2017	1402.00
Nov. 30, 2017	1397.00
Oct. 31, 2017	1406.00
Sept. 30, 2017	1402.00
Aug. 31, 2017	1384.00
July 31, 2017	1389.00
June 30, 2017	1380.00
May 31, 2017	1387.49
April 30, 2017	1373.00
March 31, 2017	1385.00
Feb. 28, 2017	1371.00
Jan. 31, 2017	1361.00
Dec. 31, 2016	1342.00
Nov. 30, 2016	1343.00
Oct. 31, 2016	1348.00
Sept. 30, 2016	1358.00
Aug. 31, 2016	1322.00
July 31, 2016	1340.00
June 30, 2016	1348.00
May 31, 2016	1339.00
April 30, 2016	1345.00
March 31, 2016	1349.00
Feb. 29, 2016	1346.00
Jan. 31, 2016	1348.00
Dec. 31, 2015	1320.00
Nov. 30, 2015	1341.00
Oct. 31, 2015	1348.62
Sept. 30, 2015	1326.00
Aug. 31, 2015	1328.79
July 31, 2015	1336.40
June 30, 2015	1329.00
May 31, 2015	1321.85
April 30, 2015	1343.57
March 31, 2015	1338.00
Feb. 28, 2015	1310.00
Jan. 31, 2015	1333.00
Dec. 31, 2014	1343.00
Nov. 30, 2014	1316.16
Oct. 31, 2014	1337.37
Sept. 30, 2014	1332.00
Aug. 31, 2014	1340.00
July 31, 2014	1363.00
June 30, 2014	1378.00
May 31, 2014	1371.00
April 30, 2014	1367.00
March 31, 2014	1376.00
Feb. 28, 2014	1359.00
Jan. 31, 2014	1371.00
Dec. 31, 2013	1384.00
Nov. 30, 2013	1405.00
Oct. 31, 2013	1395.00
Sept. 30, 2013	1391.00
Aug. 31, 2013	1401.00
July 31, 2013	1426.00
June 30, 2013	1421.00
May 31, 2013	1429.00
April 30, 2013	1435.00
March 31, 2013	1456.00
Feb. 28, 2013	1471.00
Jan. 31, 2013	1477.00
Dec. 31, 2012	1524.00
Nov. 30, 2012	1514.00
Oct. 31, 2012	1525.00
Sept. 30, 2012	1532.00
Aug. 31, 2012	1545.00
July 31, 2012	1577.00
June 30, 2012	1589.00
May 31, 2012	1595.00
April 30, 2012	1603.00
March 31, 2012	1631.00
Feb. 29, 2012	1664.00
Jan. 31, 2012	1714.00
Dec. 31, 2011	1719.00
Nov. 30, 2011	1725.00
Oct. 31, 2011	1742.00
Sept. 30, 2011	1734.00
Aug. 31, 2011	1748.00
July 31, 2011	1775.00
June 30, 2011	1782.00
May 31, 2011	1794.00
April 30, 2011	1832.00
March 31, 2011	1843.00
Feb. 28, 2011	1839.00
Jan. 31, 2011	1836.00
Dec. 31, 2010	1872.00
Nov. 30, 2010	1875.00
Oct. 31, 2010	1871.00
Sept. 30, 2010	1872.50
Aug. 31, 2010	1874.72
July 31, 2010	1897.61
June 30, 2010	1907.68
May 31, 2010	1905.93
April 30, 2010	1916.13
March 31, 2010	1914.24
Feb. 28, 2010	1924.92
Jan. 31, 2010	1931.67
Dec. 31, 2009	1946.96
Nov. 30, 2009	1946.52
Oct. 31, 2009	1959.85
Sept. 30, 2009	1971.01
Aug. 31, 2009	1964.23
July 31, 2009	1982.71
June 30, 2009	1986.54
May 31, 2009	1993.33
April 30, 2009	2008.76
March 31, 2009	2022.18
Feb. 28, 2009	2036.95
Jan. 31, 2009	2044.23
Dec. 31, 2008	2083.94
Nov. 30, 2008	2083.60
Oct. 31, 2008	2116.84
Sept. 30, 2008	2149.88
Aug. 31, 2008	2155.58
July 31, 2008	2184.73
June 30, 2008	2209.97
May 31, 2008	2210.97
April 30, 2008	2233.25
March 31, 2008	2238.33
Feb. 29, 2008	2238.97
Jan. 31, 2008	2272.68
Dec. 31, 2007	2283.88
Nov. 30, 2007	2261.05
Oct. 31, 2007	2265.16
Sept. 30, 2007	2261.68
Aug. 31, 2007	2260.67
July 31, 2007	2273.73
June 30, 2007	2266.14
May 31, 2007	2256.93
April 30, 2007	2246.58
March 31, 2007	2245.55
Feb. 28, 2007	2222.65
Jan. 31, 2007	2215.95
Dec. 31, 2006	2205.30
Nov. 30, 2006	2193.43
Oct. 31, 2006	2170.99
Sept. 30, 2006	2160.65
Aug. 31, 2006	2123.65
July 31, 2006	2118.66
June 30, 2006	2095.75
May 31, 2006	2073.77
April 30, 2006	2047.77
March 31, 2006	2021.11
Feb. 28, 2006	2000.76
Jan. 31, 2006	1973.87
Dec. 31, 2005	1954.95
Nov. 30, 2005	1926.53
Oct. 31, 2005	1900.59
Sept. 30, 2005	1879.64
Aug. 31, 2005	1846.48
July 31, 2005	1852.67
June 30, 2005	1822.23
May 31, 2005	1798.63
April 30, 2005	1775.65
March 31, 2005	1744.04
Feb. 28, 2005	1720.14
Jan. 31, 2005	1696.84
Dec. 31, 2004	1686.79
Nov. 30, 2004	1659.67
Oct. 31, 2004	1634.89
Sept. 30, 2004	1621.63
Aug. 31, 2004	1598.71
July 31, 2004	1595.86
June 30, 2004	1570.94
May 31, 2004	1556.85
April 30, 2004	1530.85
March 31, 2004	1505.66
Feb. 29, 2004	1480.18
Jan. 31, 2004	1462.12
Dec. 31, 2003	1433.96
Nov. 30, 2003	1417.07
Oct. 31, 2003	1396.50
Sept. 30, 2003	1382.69
Aug. 31, 2003	1370.95
July 31, 2003	1350.99
June 30, 2003	1329.29
May 31, 2003	1315.41
April 30, 2003	1297.16
March 31, 2003	1270.34
Feb. 28, 2003	1250.39
Jan. 31, 2003	1240.72
Dec. 31, 2002	1229.40
Nov. 30, 2002	1216.34
Oct. 31, 2002	1192.01
Sept. 30, 2002	1180.61
Aug. 31, 2002	1167.54
July 31, 2002	1159.56
June 30, 2002	1154.31
May 31, 2002	1137.17
April 30, 2002	1117.85
March 31, 2002	1103.92
Feb. 28, 2002	1093.26
Jan. 31, 2002	1070.13
Dec. 31, 2001	1058.93
Nov. 30, 2001	1049.08
Oct. 31, 2001	1041.51
Sept. 30, 2001	1024.29
Aug. 31, 2001	1014.52
July 31, 2001	1016.89
June 30, 2001	1004.22
May 31, 2001	985.67
April 30, 2001	968.74
March 31, 2001	955.51
Feb. 28, 2001	946.75
Jan. 31, 2001	933.89